74662   31566
22500   25689
20632   22274
16194   33384
52115   33314
43826   42760
15686   31837
15355   64263
10058   67432
12802   67432
14260   99077
10931   76777
34633   76777
36477   36523
47671   38328
15965   40667
11679   95468
41037   40759
46387   83437
10736   90128
40511   21103
11405   32073
13127   31837
13481   13107
44890   81361
22249   88200
14653   64776
39906   22671
25632   40759
12725   82317
35761   68962
10081   29118
32797   22100
45557   69334
12616   23427
45695   39081
10473   67855
46252   68376
24055   69334
43691   51969
33659   95624
29830   75724
21692   81328
39467   51969
40982   63391
13100   40667
11406   41348
24798   55400
22421   49723
22323   60423
32256   60423
13808   23376
25997   50925
30329   62653
38906   63786
32829   25241
27851   46069
38096   69352
34299   59926
26030   48778
24403   45802
27322   29118
33143   83287
45578   42254
33512   94557
22027   75738
30238   40667
32135   90636
13848   77294
31288   68893
31485   41945
37495   58838
24436   37495
46166   34605
45207   25689
12473   94560
12620   30283
62479   94303
55650   60359
56233   40667
15305   89659
43023   41544
16137   16820
54978   50417
54644   42304
47609   51969
87135   64343
98614   94560
85595   56085
80588   92299
12501   41544
81011   54525
79661   83287
10187   57691
11779   76777
79889   25689
90233   16652
81438   42760
86178   92796
42984   54918
27165   50417
79700   31351
47224   68360
85495   62115
81817   99197
26301   49723
46189   23792
84420   76777
47644   87916
47963   40778
85255   10747
13306   36522
83667   25689
47251   30238
48617   81693
89354   25689
15246   71127
84903   93217
34718   76777
81333   51969
27256   22992
11075   75186
14190   60423
32459   40759
41709   77751
22198   65083
39399   60423
88396   26151
87197   15222
89857   51969
41986   27539
95163   57289
85175   77294
45454   26151
12422   79875
55987   49569
34319   51493
69352   46439
23504   23449
48338   85014
65898   85084
47338   74756
17815   98056
83465   37290
50417   70989
23687   47041
41173   25689
71148   67538
24080   29118
31784   70646
57527   26595
83185   67432
37431   92155
67893   45454
90523   63011
36303   69352
71219   64263
55783   64263
50182   40667
95623   43522
40667   78626
27375   61452
69092   51969
43688   61630
93436   48778
65737   21576
87344   61133
29525   64263
90827   69352
70095   89796
61119   81993
83287   14935
50804   76777
31047   48778
35762   99077
67656   50417
88130   92299
70971   77294
91094   92299
98876   29435
70854   14544
87277   96256
98842   48778
17018   65834
22700   71802
87653   57450
47402   25689
85679   91734
68413   64516
83808   51969
90798   40667
22761   21190
50559   76777
39705   88473
69597   96443
30422   88004
69842   69334
10332   40324
69717   45631
50217   83864
26337   42760
91823   77294
85806   40667
88521   24807
68771   10941
63441   78672
74566   27801
25878   43676
83450   16606
77422   31837
90344   48789
79749   60128
66977   29118
63517   73054
28399   44362
62788   79236
57087   93671
23566   69352
68155   78638
29864   95160
46165   77279
20655   40759
52927   32008
58272   49723
14138   16837
27231   99077
21031   69334
87281   11057
86581   69334
12633   12398
99898   94560
40759   42760
84939   40759
28180   33630
18854   83377
98921   64263
87224   69352
42325   50911
25015   30291
51212   51994
64422   89227
39266   83287
48217   58560
13732   37495
43408   97858
14097   76777
61869   44246
95745   78182
45384   43994
38749   15461
30612   82506
20983   18425
77157   60423
49173   96256
88692   15827
71054   34519
68684   73221
17971   50325
68180   31535
80630   96256
58583   65847
75517   29632
55708   25689
56974   10627
80098   67262
39995   49723
65120   25689
21463   85919
91841   10676
47819   44356
91791   88004
46615   71084
70261   76777
55320   79806
88394   44745
73867   98183
68587   55409
56437   22238
96936   52773
47331   29161
17174   43559
20585   15426
30768   81702
61749   99077
86125   41544
95758   28207
70562   14325
48858   83599
38953   80396
42520   76777
38794   45454
56463   92100
22128   99005
30287   51969
21748   49161
48507   96256
71518   37495
42198   87383
64120   64263
64263   48778
28988   49723
42280   50714
26657   35380
28047   16606
20433   29632
16606   41544
95741   79015
37657   88004
15427   88004
60525   30836
49435   71908
65167   76441
19355   49723
77934   76777
60727   42980
25689   52336
30888   13619
24037   51571
69968   95694
54601   89056
95456   29632
10533   41544
33033   51969
10833   63052
39075   46069
60363   24807
64005   96256
69156   47594
41704   16274
82013   61416
28427   75805
42051   16606
17727   23723
89944   24807
93727   92299
83433   11718
50225   61050
72987   30973
63347   71069
99523   67432
25432   48778
19949   44090
29271   78940
53873   84502
85469   45454
36785   10282
62949   85510
52887   69352
95194   39981
53390   25583
75681   67432
51403   13883
57568   59542
78025   59104
39498   48778
26372   51969
20629   64263
89860   26151
20388   27011
84089   28484
50839   31837
39196   31837
75647   12650
56824   99077
40556   36730
95381   16606
46439   64898
31187   67432
82073   74000
46077   88004
44308   65192
94427   74802
48969   40759
65849   14419
89648   64263
40312   46069
29118   61408
76777   96256
85493   21256
35996   71792
53133   29472
86441   26736
19068   52773
94549   56850
16519   92262
35289   60423
29404   81067
29706   84501
76886   53341
66361   81830
69334   40759
35421   98529
73612   83287
59263   46439
70061   65952
58201   42916
73422   19975
18388   64263
63511   37620
17165   40759
47462   88004
18047   16558
97584   99295
71664   40667
89437   36068
21329   30238
96409   91133
74064   31606
53864   60722
44196   66868
82869   44419
71300   48778
44780   51248
63643   69531
46305   75683
78615   88883
24285   20116
99418   73461
18171   60423
78855   77006
97109   20507
48129   20016
92512   51679
77294   77294
69889   75658
98051   42760
78901   99348
73725   69352
46917   51969
17995   95735
21478   98590
20955   26151
19939   20127
16516   25689
60471   64444
16861   33571
95131   16606
21589   50417
25589   67432
58841   64263
96816   41073
77208   99077
86046   15009
48871   16606
85085   58185
25599   77294
11011   60632
92782   11309
57895   92299
36794   29215
81424   50447
42760   16606
98752   38066
78148   64038
19872   64263
65165   64263
42959   31837
99197   26151
12359   48778
41824   91293
76106   25689
87399   30692
40216   81320
82421   33171
91438   81829
67125   43686
48908   51969
54980   35467
61704   29632
38662   69334
12659   27424
58385   16606
96201   64340
91161   60423
11979   33707
43517   26151
58110   96788
56941   16606
55490   34500
31849   50417
68755   60196
28230   31473
88335   49723
44059   38037
55113   48778
78057   93618
86637   92299
37068   77294
85474   48141
30681   40667
80484   95694
86474   90777
89637   69147
73233   14223
28442   90955
54307   92299
60588   51154
77912   20849
61580   84460
47361   42590
53821   51969
36488   87805
59840   97230
44897   83369
49795   58252
66846   45577
73206   89142
97140   16606
68178   13380
14339   73054
86853   50417
28558   89651
95900   67226
32411   37495
39642   49116
23977   73569
42963   41544
31356   98725
99961   67636
49780   48778
95311   76777
83042   30238
73935   43890
60043   23776
37391   81511
85589   27226
25944   75989
95080   49723
14651   25689
96097   59233
28411   99077
97107   49723
95910   90552
75538   84503
66745   41544
80642   13563
67651   25689
24641   49081
75161   42760
86617   31837
81996   11113
12510   39010
28346   39691
69769   40759
45564   45454
40134   90059
15780   52946
53302   67432
83604   29632
10984   48778
69019   17688
37536   37495
90214   98751
94794   46180
48451   65038
13541   33896
64981   26099
49005   49723
51818   43929
50926   14464
72217   70722
59296   49723
98926   66973
74558   94987
30769   25689
81845   42760
26912   77294
13460   90897
61791   58624
88164   81592
32467   96256
97199   96256
61757   49723
27436   89842
73923   30238
74313   52773
39448   16606
58346   35143
40594   49723
97766   53251
28325   69334
87618   77939
60912   57573
58789   54603
56543   76777
82740   60423
57332   19216
78741   48535
36197   37906
61809   82894
73054   45414
92760   85686
41451   15635
66474   64263
93976   45477
90426   77294
24932   19214
99668   73231
66752   70580
57606   26494
25746   45589
96697   18054
34183   37641
14822   60423
23204   37495
29262   51619
97546   49009
11190   15571
29339   65481
38134   26675
53312   10456
96706   40667
54212   16606
95734   62678
93768   99077
57865   16606
39020   41544
64270   76966
71311   60423
93496   13305
82770   51969
45050   69352
95095   18691
13241   41544
62433   45125
96223   46234
95454   43869
94947   42957
20093   30238
64638   90371
28888   17154
51137   64263
84376   60423
71902   90425
81229   86695
25009   91289
76947   67432
31266   37495
20067   40759
24916   46439
65237   91351
51969   67109
27510   69334
56327   34673
43344   96256
18967   72864
51831   97826
98214   63753
95694   69543
59546   48778
53076   30640
17177   92299
74499   38155
99077   52773
98681   74279
23688   86797
37967   75514
62460   49970
35709   60423
79986   71112
65899   28045
83333   40759
38863   71991
93369   64263
60423   87896
51313   56761
36090   72777
61235   94010
76380   49723
96256   40759
18480   14716
59046   36958
77076   30238
82577   60423
43072   76777
29613   73054
26895   85129
54013   27064
18965   40363
62152   40667
19455   83583
40074   46069
91914   15976
87929   61342
49723   41006
99798   77513
49830   49224
29905   29118
59558   65042
29432   22586
36694   72723
28233   90957
38693   68061
29015   95904
42726   40667
99213   11347
92556   46069
47398   39048
96799   51969
81799   23522
15281   47225
39859   84945
71155   41544
36668   48778
49225   41544
53156   19625
57700   50417
11530   33639
98486   50299
90012   45454
76697   53381
96555   34008
52773   96256
45942   96256
45553   89113
11300   57954
48578   59374
40113   81152
15844   13603
83271   15294
26013   69334
25081   84468
75595   51416
66819   51118
75521   43983
79608   50417
59048   51969
13996   99077
24807   60423
58413   30238
77641   20463
50267   25689
36025   60423
41544   31837
67437   14320
25925   75467
58700   64263
81722   16606
81828   68879
71915   64263
57674   73054
88811   61984
98479   49457
77287   41544
84775   47032
73895   55419
92299   26242
30003   92040
29632   31278
68671   42760
70328   99108
57991   69334
97555   45454
18650   69047
92887   95119
86094   43798
34058   81292
15158   67432
69199   94775
91307   35994
64655   63192
30702   10591
99307   49723
76738   10801
84453   60563
71477   52439
37742   99077
88004   16606
67983   15624
27029   94885
61297   87089
53549   36229
95333   29632
44167   92190
19499   46552
11338   90794
25413   96256
60235   44712
91272   99077
54772   57494
47392   58242
21424   64263
22431   97932
90993   96423
26151   79902
18886   48778
19794   46439
19335   65675
32049   59072
17407   31837
34274   36180
75613   29632
42872   30238
22159   54464
90091   27465
94560   49723
68639   51345
95037   69334
96930   16606
41711   99077
60178   48870
95258   78225
72633   25689
27170   18750
29150   94332
64802   96256
88931   14548
22436   63003
17475   95427
17235   71268
78517   83287
48778   40759
69958   42252
84878   41544
79006   25525
37098   49496
77117   69352
43522   48778
49732   71388
36510   50417
99222   44224
69967   71428
44234   58646
31837   74561
20295   48778
44986   69226
30331   39456
21686   99077
52238   45286
75546   66268
68214   27218
32340   27607
93287   13599
47848   46860
22688   42760
49924   48778
96125   67432
56094   48778
70814   64458
18789   21092
25856   88004
81600   97761
54629   75595
49033   39543
88486   44779
30110   60423
31736   52773
80128   94560
43065   15990
36398   64263
64983   18150
59377   21089
47806   33921
93652   67432
75824   66256
78586   16606
90601   88004
69149   95694
74174   41660
42035   76777
36853   13750
40609   40759
20090   46796
75672   64263
58313   39887
50126   94351
16765   69334
81456   63212
86885   48544
17829   43558
55690   67432
58193   69352
40429   29118
90674   13762
59622   39601
29656   29632
18473   92299
20787   54988
74668   67191
76496   60423
54672   45454
47887   39986
35376   42760
28126   37434
40689   53480
90932   81205
43038   92299
35662   57893
16903   39963
86471   73291
59395   85610
63023   86586
20404   92656
66453   40759
30716   41544
32658   71892
42180   69334
96138   57176
33784   53048
38405   10639
61748   67432
30397   92628
99043   33372
83201   77847
20578   40759
78882   40759
21067   90840
94725   22990
51923   67432
38362   40667
81500   96335
98513   41518
61424   40667
44662   69334
94566   28107
79730   87630
87271   11764
41450   38782
21528   26348
52315   72608
50276   66751
48163   99197
30896   18071
80996   25689
35162   75595
74522   14786
60574   39785
82409   87257
91129   37833
62041   16606
51579   83157
99435   34262
91609   29118
52030   18652
36368   94087
18456   84300
83148   96256
86435   74827
76598   78941
64975   32086
65624   99077
96914   73332
46069   25689
67432   74051
53911   72475
51148   25778
87087   30238
92303   30238
83243   41046
46316   27840
33733   73054
44823   40687
89771   73054
81357   69352
94307   92299
89565   73054
73065   75595
60652   92299
91929   33649
66323   77005
65778   70147
75493   69352
66778   42760
41956   32259
67939   33578
96537   27333
63403   27449
74232   35178
49741   73848
77171   34959
94186   73054
92257   97188
52975   77294
97289   29632
65555   40667
88408   34675
63198   73054
72812   30238
66296   73054
65122   79800
99375   41544
52248   39266
90132   80494
88356   37160
77272   76777
50780   96915
62142   51969
50471   76777
56581   33081
37042   79092
33551   88004
94046   37495
93255   41544
75578   69352
83383   32704
35078   31837
37073   98739
93361   30238
43030   10794
24241   42185
